Momentul  0
  In asteptare: (1, 2, 4);(2, 4, 7);(3, 5, 3);(4, 5, 6);(5, 5, 4);(6, 7, 2);(7, 9, 5);(8, 9, 6);(9, 9, 3);(10, 11, 2);(11, 11, 6);(12, 11, 6);(13, 12, 4);(14, 13, 3);(15, 13, 4);(16, 13, 2);(17, 14, 6);(18, 15, 2);(19, 15, 6);(20, 16, 6);(21, 18, 4);(22, 18, 5);(23, 19, 5);(24, 19, 5);(25, 21, 2);(26, 21, 7);(27, 21, 5);(28, 24, 2);(29, 25, 7);(30, 25, 5);(31, 26, 1);(32, 28, 3);(33, 29, 6);(34, 29, 7);(35, 30, 7);(36, 30, 2);(37, 31, 2);(38, 32, 2);(39, 33, 6);(40, 33, 3);(41, 33, 7);(42, 34, 6);(43, 35, 5);(44, 36, 5);(45, 37, 7);(46, 37, 1);(47, 39, 6);(48, 39, 2);(49, 40, 3);(50, 40, 3);
  Coada 1:   INCHIS
  Coada 2:   INCHIS
  Coada 3:   INCHIS
  Coada 4:   INCHIS
  Coada 5:   INCHIS

Momentul  1
  In asteptare: (1, 2, 4);(2, 4, 7);(3, 5, 3);(4, 5, 6);(5, 5, 4);(6, 7, 2);(7, 9, 5);(8, 9, 6);(9, 9, 3);(10, 11, 2);(11, 11, 6);(12, 11, 6);(13, 12, 4);(14, 13, 3);(15, 13, 4);(16, 13, 2);(17, 14, 6);(18, 15, 2);(19, 15, 6);(20, 16, 6);(21, 18, 4);(22, 18, 5);(23, 19, 5);(24, 19, 5);(25, 21, 2);(26, 21, 7);(27, 21, 5);(28, 24, 2);(29, 25, 7);(30, 25, 5);(31, 26, 1);(32, 28, 3);(33, 29, 6);(34, 29, 7);(35, 30, 7);(36, 30, 2);(37, 31, 2);(38, 32, 2);(39, 33, 6);(40, 33, 3);(41, 33, 7);(42, 34, 6);(43, 35, 5);(44, 36, 5);(45, 37, 7);(46, 37, 1);(47, 39, 6);(48, 39, 2);(49, 40, 3);(50, 40, 3);
  Coada 1:   INCHIS
  Coada 2:   INCHIS
  Coada 3:   INCHIS
  Coada 4:   INCHIS
  Coada 5:   INCHIS

Momentul  2
  In asteptare: (2, 4, 7);(3, 5, 3);(4, 5, 6);(5, 5, 4);(6, 7, 2);(7, 9, 5);(8, 9, 6);(9, 9, 3);(10, 11, 2);(11, 11, 6);(12, 11, 6);(13, 12, 4);(14, 13, 3);(15, 13, 4);(16, 13, 2);(17, 14, 6);(18, 15, 2);(19, 15, 6);(20, 16, 6);(21, 18, 4);(22, 18, 5);(23, 19, 5);(24, 19, 5);(25, 21, 2);(26, 21, 7);(27, 21, 5);(28, 24, 2);(29, 25, 7);(30, 25, 5);(31, 26, 1);(32, 28, 3);(33, 29, 6);(34, 29, 7);(35, 30, 7);(36, 30, 2);(37, 31, 2);(38, 32, 2);(39, 33, 6);(40, 33, 3);(41, 33, 7);(42, 34, 6);(43, 35, 5);(44, 36, 5);(45, 37, 7);(46, 37, 1);(47, 39, 6);(48, 39, 2);(49, 40, 3);(50, 40, 3);
  Coada 1:(1, 2, 3);
  Coada 2:   INCHIS
  Coada 3:   INCHIS
  Coada 4:   INCHIS
  Coada 5:   INCHIS

Momentul  3
  In asteptare: (2, 4, 7);(3, 5, 3);(4, 5, 6);(5, 5, 4);(6, 7, 2);(7, 9, 5);(8, 9, 6);(9, 9, 3);(10, 11, 2);(11, 11, 6);(12, 11, 6);(13, 12, 4);(14, 13, 3);(15, 13, 4);(16, 13, 2);(17, 14, 6);(18, 15, 2);(19, 15, 6);(20, 16, 6);(21, 18, 4);(22, 18, 5);(23, 19, 5);(24, 19, 5);(25, 21, 2);(26, 21, 7);(27, 21, 5);(28, 24, 2);(29, 25, 7);(30, 25, 5);(31, 26, 1);(32, 28, 3);(33, 29, 6);(34, 29, 7);(35, 30, 7);(36, 30, 2);(37, 31, 2);(38, 32, 2);(39, 33, 6);(40, 33, 3);(41, 33, 7);(42, 34, 6);(43, 35, 5);(44, 36, 5);(45, 37, 7);(46, 37, 1);(47, 39, 6);(48, 39, 2);(49, 40, 3);(50, 40, 3);
  Coada 1:(1, 2, 2);
  Coada 2:   INCHIS
  Coada 3:   INCHIS
  Coada 4:   INCHIS
  Coada 5:   INCHIS

Momentul  4
  In asteptare: (3, 5, 3);(4, 5, 6);(5, 5, 4);(6, 7, 2);(7, 9, 5);(8, 9, 6);(9, 9, 3);(10, 11, 2);(11, 11, 6);(12, 11, 6);(13, 12, 4);(14, 13, 3);(15, 13, 4);(16, 13, 2);(17, 14, 6);(18, 15, 2);(19, 15, 6);(20, 16, 6);(21, 18, 4);(22, 18, 5);(23, 19, 5);(24, 19, 5);(25, 21, 2);(26, 21, 7);(27, 21, 5);(28, 24, 2);(29, 25, 7);(30, 25, 5);(31, 26, 1);(32, 28, 3);(33, 29, 6);(34, 29, 7);(35, 30, 7);(36, 30, 2);(37, 31, 2);(38, 32, 2);(39, 33, 6);(40, 33, 3);(41, 33, 7);(42, 34, 6);(43, 35, 5);(44, 36, 5);(45, 37, 7);(46, 37, 1);(47, 39, 6);(48, 39, 2);(49, 40, 3);(50, 40, 3);
  Coada 1:(1, 2, 1);
  Coada 2:(2, 4, 6);
  Coada 3:   INCHIS
  Coada 4:   INCHIS
  Coada 5:   INCHIS

Momentul  5
  In asteptare: (6, 7, 2);(7, 9, 5);(8, 9, 6);(9, 9, 3);(10, 11, 2);(11, 11, 6);(12, 11, 6);(13, 12, 4);(14, 13, 3);(15, 13, 4);(16, 13, 2);(17, 14, 6);(18, 15, 2);(19, 15, 6);(20, 16, 6);(21, 18, 4);(22, 18, 5);(23, 19, 5);(24, 19, 5);(25, 21, 2);(26, 21, 7);(27, 21, 5);(28, 24, 2);(29, 25, 7);(30, 25, 5);(31, 26, 1);(32, 28, 3);(33, 29, 6);(34, 29, 7);(35, 30, 7);(36, 30, 2);(37, 31, 2);(38, 32, 2);(39, 33, 6);(40, 33, 3);(41, 33, 7);(42, 34, 6);(43, 35, 5);(44, 36, 5);(45, 37, 7);(46, 37, 1);(47, 39, 6);(48, 39, 2);(49, 40, 3);(50, 40, 3);
  Coada 1:(3, 5, 2);
  Coada 2:(2, 4, 5);
  Coada 3:(4, 5, 5);
  Coada 4:(5, 5, 3);
  Coada 5:   INCHIS

Momentul  6
  In asteptare: (6, 7, 2);(7, 9, 5);(8, 9, 6);(9, 9, 3);(10, 11, 2);(11, 11, 6);(12, 11, 6);(13, 12, 4);(14, 13, 3);(15, 13, 4);(16, 13, 2);(17, 14, 6);(18, 15, 2);(19, 15, 6);(20, 16, 6);(21, 18, 4);(22, 18, 5);(23, 19, 5);(24, 19, 5);(25, 21, 2);(26, 21, 7);(27, 21, 5);(28, 24, 2);(29, 25, 7);(30, 25, 5);(31, 26, 1);(32, 28, 3);(33, 29, 6);(34, 29, 7);(35, 30, 7);(36, 30, 2);(37, 31, 2);(38, 32, 2);(39, 33, 6);(40, 33, 3);(41, 33, 7);(42, 34, 6);(43, 35, 5);(44, 36, 5);(45, 37, 7);(46, 37, 1);(47, 39, 6);(48, 39, 2);(49, 40, 3);(50, 40, 3);
  Coada 1:(3, 5, 1);
  Coada 2:(2, 4, 4);
  Coada 3:(4, 5, 4);
  Coada 4:(5, 5, 2);
  Coada 5:   INCHIS

Momentul  7
  In asteptare: (7, 9, 5);(8, 9, 6);(9, 9, 3);(10, 11, 2);(11, 11, 6);(12, 11, 6);(13, 12, 4);(14, 13, 3);(15, 13, 4);(16, 13, 2);(17, 14, 6);(18, 15, 2);(19, 15, 6);(20, 16, 6);(21, 18, 4);(22, 18, 5);(23, 19, 5);(24, 19, 5);(25, 21, 2);(26, 21, 7);(27, 21, 5);(28, 24, 2);(29, 25, 7);(30, 25, 5);(31, 26, 1);(32, 28, 3);(33, 29, 6);(34, 29, 7);(35, 30, 7);(36, 30, 2);(37, 31, 2);(38, 32, 2);(39, 33, 6);(40, 33, 3);(41, 33, 7);(42, 34, 6);(43, 35, 5);(44, 36, 5);(45, 37, 7);(46, 37, 1);(47, 39, 6);(48, 39, 2);(49, 40, 3);(50, 40, 3);
  Coada 1:(6, 7, 1);
  Coada 2:(2, 4, 3);
  Coada 3:(4, 5, 3);
  Coada 4:(5, 5, 1);
  Coada 5:   INCHIS

Momentul  8
  In asteptare: (7, 9, 5);(8, 9, 6);(9, 9, 3);(10, 11, 2);(11, 11, 6);(12, 11, 6);(13, 12, 4);(14, 13, 3);(15, 13, 4);(16, 13, 2);(17, 14, 6);(18, 15, 2);(19, 15, 6);(20, 16, 6);(21, 18, 4);(22, 18, 5);(23, 19, 5);(24, 19, 5);(25, 21, 2);(26, 21, 7);(27, 21, 5);(28, 24, 2);(29, 25, 7);(30, 25, 5);(31, 26, 1);(32, 28, 3);(33, 29, 6);(34, 29, 7);(35, 30, 7);(36, 30, 2);(37, 31, 2);(38, 32, 2);(39, 33, 6);(40, 33, 3);(41, 33, 7);(42, 34, 6);(43, 35, 5);(44, 36, 5);(45, 37, 7);(46, 37, 1);(47, 39, 6);(48, 39, 2);(49, 40, 3);(50, 40, 3);
  Coada 1:   INCHIS
  Coada 2:(2, 4, 2);
  Coada 3:(4, 5, 2);
  Coada 4:   INCHIS
  Coada 5:   INCHIS

Momentul  9
  In asteptare: (10, 11, 2);(11, 11, 6);(12, 11, 6);(13, 12, 4);(14, 13, 3);(15, 13, 4);(16, 13, 2);(17, 14, 6);(18, 15, 2);(19, 15, 6);(20, 16, 6);(21, 18, 4);(22, 18, 5);(23, 19, 5);(24, 19, 5);(25, 21, 2);(26, 21, 7);(27, 21, 5);(28, 24, 2);(29, 25, 7);(30, 25, 5);(31, 26, 1);(32, 28, 3);(33, 29, 6);(34, 29, 7);(35, 30, 7);(36, 30, 2);(37, 31, 2);(38, 32, 2);(39, 33, 6);(40, 33, 3);(41, 33, 7);(42, 34, 6);(43, 35, 5);(44, 36, 5);(45, 37, 7);(46, 37, 1);(47, 39, 6);(48, 39, 2);(49, 40, 3);(50, 40, 3);
  Coada 1:(7, 9, 4);
  Coada 2:(2, 4, 1);
  Coada 3:(4, 5, 1);
  Coada 4:(8, 9, 5);
  Coada 5:(9, 9, 2);

Momentul  10
  In asteptare: (10, 11, 2);(11, 11, 6);(12, 11, 6);(13, 12, 4);(14, 13, 3);(15, 13, 4);(16, 13, 2);(17, 14, 6);(18, 15, 2);(19, 15, 6);(20, 16, 6);(21, 18, 4);(22, 18, 5);(23, 19, 5);(24, 19, 5);(25, 21, 2);(26, 21, 7);(27, 21, 5);(28, 24, 2);(29, 25, 7);(30, 25, 5);(31, 26, 1);(32, 28, 3);(33, 29, 6);(34, 29, 7);(35, 30, 7);(36, 30, 2);(37, 31, 2);(38, 32, 2);(39, 33, 6);(40, 33, 3);(41, 33, 7);(42, 34, 6);(43, 35, 5);(44, 36, 5);(45, 37, 7);(46, 37, 1);(47, 39, 6);(48, 39, 2);(49, 40, 3);(50, 40, 3);
  Coada 1:(7, 9, 3);
  Coada 2:   INCHIS
  Coada 3:   INCHIS
  Coada 4:(8, 9, 4);
  Coada 5:(9, 9, 1);

Momentul  11
  In asteptare: (13, 12, 4);(14, 13, 3);(15, 13, 4);(16, 13, 2);(17, 14, 6);(18, 15, 2);(19, 15, 6);(20, 16, 6);(21, 18, 4);(22, 18, 5);(23, 19, 5);(24, 19, 5);(25, 21, 2);(26, 21, 7);(27, 21, 5);(28, 24, 2);(29, 25, 7);(30, 25, 5);(31, 26, 1);(32, 28, 3);(33, 29, 6);(34, 29, 7);(35, 30, 7);(36, 30, 2);(37, 31, 2);(38, 32, 2);(39, 33, 6);(40, 33, 3);(41, 33, 7);(42, 34, 6);(43, 35, 5);(44, 36, 5);(45, 37, 7);(46, 37, 1);(47, 39, 6);(48, 39, 2);(49, 40, 3);(50, 40, 3);
  Coada 1:(7, 9, 2);
  Coada 2:(10, 11, 1);
  Coada 3:(11, 11, 5);
  Coada 4:(8, 9, 3);
  Coada 5:(12, 11, 5);

Momentul  12
  In asteptare: (14, 13, 3);(15, 13, 4);(16, 13, 2);(17, 14, 6);(18, 15, 2);(19, 15, 6);(20, 16, 6);(21, 18, 4);(22, 18, 5);(23, 19, 5);(24, 19, 5);(25, 21, 2);(26, 21, 7);(27, 21, 5);(28, 24, 2);(29, 25, 7);(30, 25, 5);(31, 26, 1);(32, 28, 3);(33, 29, 6);(34, 29, 7);(35, 30, 7);(36, 30, 2);(37, 31, 2);(38, 32, 2);(39, 33, 6);(40, 33, 3);(41, 33, 7);(42, 34, 6);(43, 35, 5);(44, 36, 5);(45, 37, 7);(46, 37, 1);(47, 39, 6);(48, 39, 2);(49, 40, 3);(50, 40, 3);
  Coada 1:(7, 9, 1);
  Coada 2:(13, 12, 3);
  Coada 3:(11, 11, 4);
  Coada 4:(8, 9, 2);
  Coada 5:(12, 11, 4);

Momentul  13
  In asteptare: (17, 14, 6);(18, 15, 2);(19, 15, 6);(20, 16, 6);(21, 18, 4);(22, 18, 5);(23, 19, 5);(24, 19, 5);(25, 21, 2);(26, 21, 7);(27, 21, 5);(28, 24, 2);(29, 25, 7);(30, 25, 5);(31, 26, 1);(32, 28, 3);(33, 29, 6);(34, 29, 7);(35, 30, 7);(36, 30, 2);(37, 31, 2);(38, 32, 2);(39, 33, 6);(40, 33, 3);(41, 33, 7);(42, 34, 6);(43, 35, 5);(44, 36, 5);(45, 37, 7);(46, 37, 1);(47, 39, 6);(48, 39, 2);(49, 40, 3);(50, 40, 3);
  Coada 1:(14, 13, 2);
  Coada 2:(13, 12, 2);
  Coada 3:(11, 11, 3);
  Coada 4:(8, 9, 1);
  Coada 5:(12, 11, 3);

Momentul  14
  In asteptare: (18, 15, 2);(19, 15, 6);(20, 16, 6);(21, 18, 4);(22, 18, 5);(23, 19, 5);(24, 19, 5);(25, 21, 2);(26, 21, 7);(27, 21, 5);(28, 24, 2);(29, 25, 7);(30, 25, 5);(31, 26, 1);(32, 28, 3);(33, 29, 6);(34, 29, 7);(35, 30, 7);(36, 30, 2);(37, 31, 2);(38, 32, 2);(39, 33, 6);(40, 33, 3);(41, 33, 7);(42, 34, 6);(43, 35, 5);(44, 36, 5);(45, 37, 7);(46, 37, 1);(47, 39, 6);(48, 39, 2);(49, 40, 3);(50, 40, 3);
  Coada 1:(14, 13, 1);
  Coada 2:(13, 12, 1);
  Coada 3:(11, 11, 2);
  Coada 4:(17, 14, 5);
  Coada 5:(12, 11, 2);

Momentul  15
  In asteptare: (20, 16, 6);(21, 18, 4);(22, 18, 5);(23, 19, 5);(24, 19, 5);(25, 21, 2);(26, 21, 7);(27, 21, 5);(28, 24, 2);(29, 25, 7);(30, 25, 5);(31, 26, 1);(32, 28, 3);(33, 29, 6);(34, 29, 7);(35, 30, 7);(36, 30, 2);(37, 31, 2);(38, 32, 2);(39, 33, 6);(40, 33, 3);(41, 33, 7);(42, 34, 6);(43, 35, 5);(44, 36, 5);(45, 37, 7);(46, 37, 1);(47, 39, 6);(48, 39, 2);(49, 40, 3);(50, 40, 3);
  Coada 1:(18, 15, 1);
  Coada 2:(19, 15, 5);
  Coada 3:(11, 11, 1);
  Coada 4:(17, 14, 4);
  Coada 5:(12, 11, 1);

Momentul  16
  In asteptare: (21, 18, 4);(22, 18, 5);(23, 19, 5);(24, 19, 5);(25, 21, 2);(26, 21, 7);(27, 21, 5);(28, 24, 2);(29, 25, 7);(30, 25, 5);(31, 26, 1);(32, 28, 3);(33, 29, 6);(34, 29, 7);(35, 30, 7);(36, 30, 2);(37, 31, 2);(38, 32, 2);(39, 33, 6);(40, 33, 3);(41, 33, 7);(42, 34, 6);(43, 35, 5);(44, 36, 5);(45, 37, 7);(46, 37, 1);(47, 39, 6);(48, 39, 2);(49, 40, 3);(50, 40, 3);
  Coada 1:(20, 16, 5);
  Coada 2:(19, 15, 4);
  Coada 3:   INCHIS
  Coada 4:(17, 14, 3);
  Coada 5:   INCHIS

Momentul  17
  In asteptare: (21, 18, 4);(22, 18, 5);(23, 19, 5);(24, 19, 5);(25, 21, 2);(26, 21, 7);(27, 21, 5);(28, 24, 2);(29, 25, 7);(30, 25, 5);(31, 26, 1);(32, 28, 3);(33, 29, 6);(34, 29, 7);(35, 30, 7);(36, 30, 2);(37, 31, 2);(38, 32, 2);(39, 33, 6);(40, 33, 3);(41, 33, 7);(42, 34, 6);(43, 35, 5);(44, 36, 5);(45, 37, 7);(46, 37, 1);(47, 39, 6);(48, 39, 2);(49, 40, 3);(50, 40, 3);
  Coada 1:(20, 16, 4);
  Coada 2:(19, 15, 3);
  Coada 3:   INCHIS
  Coada 4:(17, 14, 2);
  Coada 5:   INCHIS

Momentul  18
  In asteptare: (23, 19, 5);(24, 19, 5);(25, 21, 2);(26, 21, 7);(27, 21, 5);(28, 24, 2);(29, 25, 7);(30, 25, 5);(31, 26, 1);(32, 28, 3);(33, 29, 6);(34, 29, 7);(35, 30, 7);(36, 30, 2);(37, 31, 2);(38, 32, 2);(39, 33, 6);(40, 33, 3);(41, 33, 7);(42, 34, 6);(43, 35, 5);(44, 36, 5);(45, 37, 7);(46, 37, 1);(47, 39, 6);(48, 39, 2);(49, 40, 3);(50, 40, 3);
  Coada 1:(20, 16, 3);
  Coada 2:(19, 15, 2);
  Coada 3:(21, 18, 3);
  Coada 4:(17, 14, 1);
  Coada 5:(22, 18, 4);

Momentul  19
  In asteptare: (25, 21, 2);(26, 21, 7);(27, 21, 5);(28, 24, 2);(29, 25, 7);(30, 25, 5);(31, 26, 1);(32, 28, 3);(33, 29, 6);(34, 29, 7);(35, 30, 7);(36, 30, 2);(37, 31, 2);(38, 32, 2);(39, 33, 6);(40, 33, 3);(41, 33, 7);(42, 34, 6);(43, 35, 5);(44, 36, 5);(45, 37, 7);(46, 37, 1);(47, 39, 6);(48, 39, 2);(49, 40, 3);(50, 40, 3);
  Coada 1:(20, 16, 2);
  Coada 2:(19, 15, 1);
  Coada 3:(21, 18, 2);
  Coada 4:(23, 19, 4);
  Coada 5:(22, 18, 3);

Momentul  20
  In asteptare: (25, 21, 2);(26, 21, 7);(27, 21, 5);(28, 24, 2);(29, 25, 7);(30, 25, 5);(31, 26, 1);(32, 28, 3);(33, 29, 6);(34, 29, 7);(35, 30, 7);(36, 30, 2);(37, 31, 2);(38, 32, 2);(39, 33, 6);(40, 33, 3);(41, 33, 7);(42, 34, 6);(43, 35, 5);(44, 36, 5);(45, 37, 7);(46, 37, 1);(47, 39, 6);(48, 39, 2);(49, 40, 3);(50, 40, 3);
  Coada 1:(20, 16, 1);
  Coada 2:   INCHIS
  Coada 3:(21, 18, 1);
  Coada 4:(23, 19, 3);
  Coada 5:(22, 18, 2);

Momentul  21
  In asteptare: (28, 24, 2);(29, 25, 7);(30, 25, 5);(31, 26, 1);(32, 28, 3);(33, 29, 6);(34, 29, 7);(35, 30, 7);(36, 30, 2);(37, 31, 2);(38, 32, 2);(39, 33, 6);(40, 33, 3);(41, 33, 7);(42, 34, 6);(43, 35, 5);(44, 36, 5);(45, 37, 7);(46, 37, 1);(47, 39, 6);(48, 39, 2);(49, 40, 3);(50, 40, 3);
  Coada 1:(25, 21, 1);
  Coada 2:(26, 21, 6);
  Coada 3:(27, 21, 4);
  Coada 4:(23, 19, 2);
  Coada 5:(22, 18, 1);

Momentul  22
  In asteptare: (28, 24, 2);(29, 25, 7);(30, 25, 5);(31, 26, 1);(32, 28, 3);(33, 29, 6);(34, 29, 7);(35, 30, 7);(36, 30, 2);(37, 31, 2);(38, 32, 2);(39, 33, 6);(40, 33, 3);(41, 33, 7);(42, 34, 6);(43, 35, 5);(44, 36, 5);(45, 37, 7);(46, 37, 1);(47, 39, 6);(48, 39, 2);(49, 40, 3);(50, 40, 3);
  Coada 1:   INCHIS
  Coada 2:(26, 21, 5);
  Coada 3:(27, 21, 3);
  Coada 4:(23, 19, 1);
  Coada 5:   INCHIS

Momentul  23
  In asteptare: (28, 24, 2);(29, 25, 7);(30, 25, 5);(31, 26, 1);(32, 28, 3);(33, 29, 6);(34, 29, 7);(35, 30, 7);(36, 30, 2);(37, 31, 2);(38, 32, 2);(39, 33, 6);(40, 33, 3);(41, 33, 7);(42, 34, 6);(43, 35, 5);(44, 36, 5);(45, 37, 7);(46, 37, 1);(47, 39, 6);(48, 39, 2);(49, 40, 3);(50, 40, 3);
  Coada 1:   INCHIS
  Coada 2:(26, 21, 4);
  Coada 3:(27, 21, 2);
  Coada 4:   INCHIS
  Coada 5:   INCHIS

Momentul  24
  In asteptare: (29, 25, 7);(30, 25, 5);(31, 26, 1);(32, 28, 3);(33, 29, 6);(34, 29, 7);(35, 30, 7);(36, 30, 2);(37, 31, 2);(38, 32, 2);(39, 33, 6);(40, 33, 3);(41, 33, 7);(42, 34, 6);(43, 35, 5);(44, 36, 5);(45, 37, 7);(46, 37, 1);(47, 39, 6);(48, 39, 2);(49, 40, 3);(50, 40, 3);
  Coada 1:(28, 24, 1);
  Coada 2:(26, 21, 3);
  Coada 3:(27, 21, 1);
  Coada 4:   INCHIS
  Coada 5:   INCHIS

Momentul  25
  In asteptare: (31, 26, 1);(32, 28, 3);(33, 29, 6);(34, 29, 7);(35, 30, 7);(36, 30, 2);(37, 31, 2);(38, 32, 2);(39, 33, 6);(40, 33, 3);(41, 33, 7);(42, 34, 6);(43, 35, 5);(44, 36, 5);(45, 37, 7);(46, 37, 1);(47, 39, 6);(48, 39, 2);(49, 40, 3);(50, 40, 3);
  Coada 1:(29, 25, 6);
  Coada 2:(26, 21, 2);
  Coada 3:(30, 25, 4);
  Coada 4:   INCHIS
  Coada 5:   INCHIS

Momentul  26
  In asteptare: (32, 28, 3);(33, 29, 6);(34, 29, 7);(35, 30, 7);(36, 30, 2);(37, 31, 2);(38, 32, 2);(39, 33, 6);(40, 33, 3);(41, 33, 7);(42, 34, 6);(43, 35, 5);(44, 36, 5);(45, 37, 7);(46, 37, 1);(47, 39, 6);(48, 39, 2);(49, 40, 3);(50, 40, 3);
  Coada 1:(29, 25, 5);
  Coada 2:(26, 21, 1);
  Coada 3:(30, 25, 3);
  Coada 4:   INCHIS
  Coada 5:   INCHIS

Momentul  27
  In asteptare: (32, 28, 3);(33, 29, 6);(34, 29, 7);(35, 30, 7);(36, 30, 2);(37, 31, 2);(38, 32, 2);(39, 33, 6);(40, 33, 3);(41, 33, 7);(42, 34, 6);(43, 35, 5);(44, 36, 5);(45, 37, 7);(46, 37, 1);(47, 39, 6);(48, 39, 2);(49, 40, 3);(50, 40, 3);
  Coada 1:(29, 25, 4);
  Coada 2:   INCHIS
  Coada 3:(30, 25, 2);
  Coada 4:   INCHIS
  Coada 5:   INCHIS

Momentul  28
  In asteptare: (33, 29, 6);(34, 29, 7);(35, 30, 7);(36, 30, 2);(37, 31, 2);(38, 32, 2);(39, 33, 6);(40, 33, 3);(41, 33, 7);(42, 34, 6);(43, 35, 5);(44, 36, 5);(45, 37, 7);(46, 37, 1);(47, 39, 6);(48, 39, 2);(49, 40, 3);(50, 40, 3);
  Coada 1:(29, 25, 3);
  Coada 2:(32, 28, 2);
  Coada 3:(30, 25, 1);
  Coada 4:   INCHIS
  Coada 5:   INCHIS

Momentul  29
  In asteptare: (35, 30, 7);(36, 30, 2);(37, 31, 2);(38, 32, 2);(39, 33, 6);(40, 33, 3);(41, 33, 7);(42, 34, 6);(43, 35, 5);(44, 36, 5);(45, 37, 7);(46, 37, 1);(47, 39, 6);(48, 39, 2);(49, 40, 3);(50, 40, 3);
  Coada 1:(29, 25, 2);
  Coada 2:(32, 28, 1);
  Coada 3:(33, 29, 5);
  Coada 4:(34, 29, 6);
  Coada 5:   INCHIS

Momentul  30
  In asteptare: (37, 31, 2);(38, 32, 2);(39, 33, 6);(40, 33, 3);(41, 33, 7);(42, 34, 6);(43, 35, 5);(44, 36, 5);(45, 37, 7);(46, 37, 1);(47, 39, 6);(48, 39, 2);(49, 40, 3);(50, 40, 3);
  Coada 1:(29, 25, 1);
  Coada 2:(35, 30, 6);
  Coada 3:(33, 29, 4);
  Coada 4:(34, 29, 5);
  Coada 5:(36, 30, 1);

Momentul  31
  In asteptare: (38, 32, 2);(39, 33, 6);(40, 33, 3);(41, 33, 7);(42, 34, 6);(43, 35, 5);(44, 36, 5);(45, 37, 7);(46, 37, 1);(47, 39, 6);(48, 39, 2);(49, 40, 3);(50, 40, 3);
  Coada 1:(37, 31, 1);
  Coada 2:(35, 30, 5);
  Coada 3:(33, 29, 3);
  Coada 4:(34, 29, 4);
  Coada 5:   INCHIS

Momentul  32
  In asteptare: (39, 33, 6);(40, 33, 3);(41, 33, 7);(42, 34, 6);(43, 35, 5);(44, 36, 5);(45, 37, 7);(46, 37, 1);(47, 39, 6);(48, 39, 2);(49, 40, 3);(50, 40, 3);
  Coada 1:(38, 32, 1);
  Coada 2:(35, 30, 4);
  Coada 3:(33, 29, 2);
  Coada 4:(34, 29, 3);
  Coada 5:   INCHIS

Momentul  33
  In asteptare: (42, 34, 6);(43, 35, 5);(44, 36, 5);(45, 37, 7);(46, 37, 1);(47, 39, 6);(48, 39, 2);(49, 40, 3);(50, 40, 3);
  Coada 1:(39, 33, 5);
  Coada 2:(35, 30, 3);
  Coada 3:(33, 29, 1);
  Coada 4:(34, 29, 2);
  Coada 5:(40, 33, 2);

Momentul  34
  In asteptare: (43, 35, 5);(44, 36, 5);(45, 37, 7);(46, 37, 1);(47, 39, 6);(48, 39, 2);(49, 40, 3);(50, 40, 3);
  Coada 1:(39, 33, 4);
  Coada 2:(35, 30, 2);
  Coada 3:(42, 34, 5);
  Coada 4:(34, 29, 1);
  Coada 5:(40, 33, 1);

Momentul  35
  In asteptare: (44, 36, 5);(45, 37, 7);(46, 37, 1);(47, 39, 6);(48, 39, 2);(49, 40, 3);(50, 40, 3);
  Coada 1:(39, 33, 3);
  Coada 2:(35, 30, 1);
  Coada 3:(42, 34, 4);
  Coada 4:(43, 35, 4);
  Coada 5:   INCHIS

Momentul  36
  In asteptare: (45, 37, 7);(46, 37, 1);(47, 39, 6);(48, 39, 2);(49, 40, 3);(50, 40, 3);
  Coada 1:(39, 33, 2);
  Coada 2:(44, 36, 4);
  Coada 3:(42, 34, 3);
  Coada 4:(43, 35, 3);
  Coada 5:   INCHIS

Momentul  37
  In asteptare: (47, 39, 6);(48, 39, 2);(49, 40, 3);(50, 40, 3);
  Coada 1:(39, 33, 1);
  Coada 2:(44, 36, 3);
  Coada 3:(42, 34, 2);
  Coada 4:(43, 35, 2);
  Coada 5:(45, 37, 6);

Momentul  38
  In asteptare: (47, 39, 6);(48, 39, 2);(49, 40, 3);(50, 40, 3);
  Coada 1:   INCHIS
  Coada 2:(44, 36, 2);
  Coada 3:(42, 34, 1);
  Coada 4:(43, 35, 1);
  Coada 5:(45, 37, 5);

Momentul  39
  In asteptare: (49, 40, 3);(50, 40, 3);
  Coada 1:(47, 39, 5);
  Coada 2:(44, 36, 1);
  Coada 3:(48, 39, 1);
  Coada 4:   INCHIS
  Coada 5:(45, 37, 4);

Momentul  40
  In asteptare:
  Coada 1:(47, 39, 4);
  Coada 2:(49, 40, 2);
  Coada 3:(50, 40, 2);
  Coada 4:   INCHIS
  Coada 5:(45, 37, 3);

Momentul  41
  In asteptare:
  Coada 1:(47, 39, 3);
  Coada 2:(49, 40, 1);
  Coada 3:(50, 40, 1);
  Coada 4:   INCHIS
  Coada 5:(45, 37, 2);

Momentul  42
  In asteptare:
  Coada 1:(47, 39, 2);
  Coada 2:   INCHIS
  Coada 3:   INCHIS
  Coada 4:   INCHIS
  Coada 5:(45, 37, 1);

Momentul  43
  In asteptare:
  Coada 1:(47, 39, 1);
  Coada 2:   INCHIS
  Coada 3:   INCHIS
  Coada 4:   INCHIS
  Coada 5:   INCHIS

Momentul  44
  In asteptare:
  Coada 1:   INCHIS
  Coada 2:   INCHIS
  Coada 3:   INCHIS
  Coada 4:   INCHIS
  Coada 5:   INCHIS

Momentul  45
  In asteptare:
  Coada 1:   INCHIS
  Coada 2:   INCHIS
  Coada 3:   INCHIS
  Coada 4:   INCHIS
  Coada 5:   INCHIS

 Timp mediu de efectuare a serviciilor  4.36
 Timp mediu de asteptare  0
